X

[[0.00185167 0.0013662  0.00111851]
 [0.00160543 0.00111355 0.00104536]
 [0.00162    0.00111053 0.00105341]
 [0.0015397  0.00119036 0.00105077]
 [0.0019695  0.00112784 0.00111737]
 [0.00180772 0.00146765 0.0011218 ]
 [0.00192686 0.00118833 0.00101668]
 [0.00184429 0.00111256 0.00100712]]
 
 F
 [array([0.00000000e+00, 4.69552024e-03, 3.45982633e-03, 2.99238872e-04,
       4.60737954e-05, 0.00000000e+00, 7.05356530e-03, 1.00000000e+01]), array([-3.92937405e-03, -5.98123261e-03, -6.03184774e-03, -5.97227397e-03,
       -5.74269374e-03, -3.60121203e-03, -5.91636029e-03,  1.00000000e+01])]
